beneficiary_id,aadhaar_number,mobile_number,full_name,date_of_birth,target_default
NBC_001,100000000001,9000000001,Person_1,23-10-1974,1
NBC_002,100000000002,9000000002,Person_2,20-11-1996,0
NBC_003,100000000003,9000000003,Person_3,08-09-1968,0
NBC_004,100000000004,9000000004,Person_4,19-07-1998,0
NBC_005,100000000005,9000000005,Person_5,16-04-1979,0
NBC_006,100000000006,9000000006,Person_6,04-04-1986,0
NBC_007,100000000007,9000000007,Person_7,17-10-1991,0
NBC_008,100000000008,9000000008,Person_8,19-03-1985,0
NBC_009,100000000009,9000000009,Person_9,14-01-1981,1
NBC_010,100000000010,9000000010,Person_10,07-04-1965,0
NBC_011,100000000011,9000000011,Person_11,18-02-1982,0
NBC_012,100000000012,9000000012,Person_12,28-07-1983,1
NBC_013,100000000013,9000000013,Person_13,06-05-1976,1
NBC_014,100000000014,9000000014,Person_14,01-06-1976,0
NBC_015,100000000015,9000000015,Person_15,05-07-1980,1
NBC_016,100000000016,9000000016,Person_16,01-08-1967,1
NBC_017,100000000017,9000000017,Person_17,09-06-1982,0
NBC_018,100000000018,9000000018,Person_18,22-04-1965,1
NBC_019,100000000019,9000000019,Person_19,14-07-1974,0
NBC_020,100000000020,9000000020,Person_20,25-09-1968,0
NBC_021,100000000021,9000000021,Person_21,04-12-1972,0
NBC_022,100000000022,9000000022,Person_22,08-02-1974,0
NBC_023,100000000023,9000000023,Person_23,29-12-1967,0
NBC_024,100000000024,9000000024,Person_24,12-11-1986,1
NBC_025,100000000025,9000000025,Person_25,22-01-1970,0
NBC_026,100000000026,9000000026,Person_26,18-11-1999,0
NBC_027,100000000027,9000000027,Person_27,16-01-1993,0
NBC_028,100000000028,9000000028,Person_28,03-10-1982,1
NBC_029,100000000029,9000000029,Person_29,09-02-1965,0
NBC_030,100000000030,9000000030,Person_30,08-09-1968,0
NBC_031,100000000031,9000000031,Person_31,16-06-1983,0
NBC_032,100000000032,9000000032,Person_32,16-03-1983,1
NBC_033,100000000033,9000000033,Person_33,22-08-1981,0
NBC_034,100000000034,9000000034,Person_34,09-02-1985,1
NBC_035,100000000035,9000000035,Person_35,05-03-1968,1
NBC_036,100000000036,9000000036,Person_36,16-08-1992,0
NBC_037,100000000037,9000000037,Person_37,27-06-1976,1
NBC_038,100000000038,9000000038,Person_38,26-08-1971,0
NBC_039,100000000039,9000000039,Person_39,25-12-1986,1
NBC_040,100000000040,9000000040,Person_40,27-11-1973,1
NBC_041,100000000041,9000000041,Person_41,14-10-1968,1
NBC_042,100000000042,9000000042,Person_42,18-03-1998,0
NBC_043,100000000043,9000000043,Person_43,19-10-1976,0
NBC_044,100000000044,9000000044,Person_44,26-07-1997,0
NBC_045,100000000045,9000000045,Person_45,28-05-1971,0
NBC_046,100000000046,9000000046,Person_46,27-09-1981,0
NBC_047,100000000047,9000000047,Person_47,12-08-1966,0
NBC_048,100000000048,9000000048,Person_48,05-02-1992,0
NBC_049,100000000049,9000000049,Person_49,16-11-1975,0
NBC_050,100000000050,9000000050,Person_50,08-12-1998,1
NBC_051,100000000051,9000000051,Person_51,18-04-1967,0
NBC_052,100000000052,9000000052,Person_52,09-03-1972,1
NBC_053,100000000053,9000000053,Person_53,11-07-1978,0
NBC_054,100000000054,9000000054,Person_54,13-12-1968,0
NBC_055,100000000055,9000000055,Person_55,10-09-1989,1
NBC_056,100000000056,9000000056,Person_56,25-04-1991,0
NBC_057,100000000057,9000000057,Person_57,02-01-1998,0
NBC_058,100000000058,9000000058,Person_58,17-01-1999,1
NBC_059,100000000059,9000000059,Person_59,24-02-1983,0
NBC_060,100000000060,9000000060,Person_60,27-07-1984,0
NBC_061,100000000061,9000000061,Person_61,05-05-1977,0
NBC_062,100000000062,9000000062,Person_62,30-04-1992,0
NBC_063,100000000063,9000000063,Person_63,18-05-1987,0
NBC_064,100000000064,9000000064,Person_64,02-05-1996,1
NBC_065,100000000065,9000000065,Person_65,22-03-1986,0
NBC_066,100000000066,9000000066,Person_66,21-10-1968,0
NBC_067,100000000067,9000000067,Person_67,12-06-1988,0
NBC_068,100000000068,9000000068,Person_68,06-04-1996,0
NBC_069,100000000069,9000000069,Person_69,04-01-1995,0
NBC_070,100000000070,9000000070,Person_70,01-07-1988,1
NBC_071,100000000071,9000000071,Person_71,08-10-1986,1
NBC_072,100000000072,9000000072,Person_72,17-02-1988,0
NBC_073,100000000073,9000000073,Person_73,30-01-1974,0
NBC_074,100000000074,9000000074,Person_74,14-03-1977,0
NBC_075,100000000075,9000000075,Person_75,02-07-1998,0
NBC_076,100000000076,9000000076,Person_76,09-08-1967,0
NBC_077,100000000077,9000000077,Person_77,01-09-1981,1
NBC_078,100000000078,9000000078,Person_78,28-02-1968,0
NBC_079,100000000079,9000000079,Person_79,13-12-1988,0
NBC_080,100000000080,9000000080,Person_80,03-12-1973,1
NBC_081,100000000081,9000000081,Person_81,19-03-1991,0
NBC_082,100000000082,9000000082,Person_82,02-05-1989,0
NBC_083,100000000083,9000000083,Person_83,05-01-1983,0
NBC_084,100000000084,9000000084,Person_84,01-12-1992,0
NBC_085,100000000085,9000000085,Person_85,19-11-1986,1
NBC_086,100000000086,9000000086,Person_86,22-08-1968,0
NBC_087,100000000087,9000000087,Person_87,01-09-1977,0
NBC_088,100000000088,9000000088,Person_88,11-02-1997,1
NBC_089,100000000089,9000000089,Person_89,22-08-1991,0
NBC_090,100000000090,9000000090,Person_90,16-10-1978,1
NBC_091,100000000091,9000000091,Person_91,01-09-1986,1
NBC_092,100000000092,9000000092,Person_92,12-10-1984,0
NBC_093,100000000093,9000000093,Person_93,08-12-1992,0
NBC_094,100000000094,9000000094,Person_94,14-05-1988,0
NBC_095,100000000095,9000000095,Person_95,10-01-1999,0
NBC_096,100000000096,9000000096,Person_96,02-06-1972,0
NBC_097,100000000097,9000000097,Person_97,27-11-1971,0
NBC_098,100000000098,9000000098,Person_98,11-07-1997,0
NBC_099,100000000099,9000000099,Person_99,29-07-1991,0
NBC_100,100000000100,9000000100,Person_100,28-12-1979,1
NBC_101,100000000101,9000000101,Person_101,27-08-1998,1
NBC_102,100000000102,9000000102,Person_102,03-07-1981,0
NBC_103,100000000103,9000000103,Person_103,20-07-1996,0
NBC_104,100000000104,9000000104,Person_104,17-09-2000,1
NBC_105,100000000105,9000000105,Person_105,27-10-1995,0
NBC_106,100000000106,9000000106,Person_106,04-11-1990,0
NBC_107,100000000107,9000000107,Person_107,20-09-1965,0
NBC_108,100000000108,9000000108,Person_108,17-01-1968,0
NBC_109,100000000109,9000000109,Person_109,10-04-1990,1
NBC_110,100000000110,9000000110,Person_110,22-06-1995,0
NBC_111,100000000111,9000000111,Person_111,07-05-1968,0
NBC_112,100000000112,9000000112,Person_112,17-03-1982,0
NBC_113,100000000113,9000000113,Person_113,15-03-1966,1
NBC_114,100000000114,9000000114,Person_114,01-02-1972,0
NBC_115,100000000115,9000000115,Person_115,31-03-1995,1
NBC_116,100000000116,9000000116,Person_116,22-09-1985,1
NBC_117,100000000117,9000000117,Person_117,18-06-1998,0
NBC_118,100000000118,9000000118,Person_118,18-03-1970,0
NBC_119,100000000119,9000000119,Person_119,20-09-1975,1
NBC_120,100000000120,9000000120,Person_120,21-10-1989,0
NBC_121,100000000121,9000000121,Person_121,18-02-1975,0
NBC_122,100000000122,9000000122,Person_122,27-06-1976,1
NBC_123,100000000123,9000000123,Person_123,20-02-1971,0
NBC_124,100000000124,9000000124,Person_124,03-11-1972,1
NBC_125,100000000125,9000000125,Person_125,17-12-1971,0
NBC_126,100000000126,9000000126,Person_126,09-09-1998,0
NBC_127,100000000127,9000000127,Person_127,28-07-1969,0
NBC_128,100000000128,9000000128,Person_128,14-07-1990,0
NBC_129,100000000129,9000000129,Person_129,04-04-1979,1
NBC_130,100000000130,9000000130,Person_130,05-05-1976,0
NBC_131,100000000131,9000000131,Person_131,04-03-1988,0
NBC_132,100000000132,9000000132,Person_132,11-04-1974,0
NBC_133,100000000133,9000000133,Person_133,17-12-1996,0
NBC_134,100000000134,9000000134,Person_134,31-08-1996,0
NBC_135,100000000135,9000000135,Person_135,07-08-1974,0
NBC_136,100000000136,9000000136,Person_136,20-05-1991,0
NBC_137,100000000137,9000000137,Person_137,12-12-1975,0
NBC_138,100000000138,9000000138,Person_138,07-09-1967,0
NBC_139,100000000139,9000000139,Person_139,20-09-1989,0
NBC_140,100000000140,9000000140,Person_140,14-03-1998,0
NBC_141,100000000141,9000000141,Person_141,19-02-1969,0
NBC_142,100000000142,9000000142,Person_142,15-03-1993,0
NBC_143,100000000143,9000000143,Person_143,18-11-1965,0
NBC_144,100000000144,9000000144,Person_144,01-11-1975,0
NBC_145,100000000145,9000000145,Person_145,25-04-1978,0
NBC_146,100000000146,9000000146,Person_146,20-06-1970,0
NBC_147,100000000147,9000000147,Person_147,25-04-1988,1
NBC_148,100000000148,9000000148,Person_148,03-09-1989,0
NBC_149,100000000149,9000000149,Person_149,12-08-1997,0
NBC_150,100000000150,9000000150,Person_150,01-03-1990,1
NBC_151,100000000151,9000000151,Person_151,16-06-1976,0
NBC_152,100000000152,9000000152,Person_152,10-10-1999,1
NBC_153,100000000153,9000000153,Person_153,07-01-1980,1
NBC_154,100000000154,9000000154,Person_154,05-09-1968,1
NBC_155,100000000155,9000000155,Person_155,30-07-1999,1
NBC_156,100000000156,9000000156,Person_156,19-12-1975,1
NBC_157,100000000157,9000000157,Person_157,10-05-1986,0
NBC_158,100000000158,9000000158,Person_158,08-03-1983,1
NBC_159,100000000159,9000000159,Person_159,04-12-1971,0
NBC_160,100000000160,9000000160,Person_160,02-11-1968,1
NBC_161,100000000161,9000000161,Person_161,01-03-1966,0
NBC_162,100000000162,9000000162,Person_162,15-02-1995,1
NBC_163,100000000163,9000000163,Person_163,25-12-1981,1
NBC_164,100000000164,9000000164,Person_164,23-12-1985,1
NBC_165,100000000165,9000000165,Person_165,05-06-1976,0
NBC_166,100000000166,9000000166,Person_166,22-01-1993,0
NBC_167,100000000167,9000000167,Person_167,14-04-1977,0
NBC_168,100000000168,9000000168,Person_168,21-10-1984,1
NBC_169,100000000169,9000000169,Person_169,18-08-1979,0
NBC_170,100000000170,9000000170,Person_170,25-07-1979,0
NBC_171,100000000171,9000000171,Person_171,23-09-1977,0
NBC_172,100000000172,9000000172,Person_172,09-04-1998,1
NBC_173,100000000173,9000000173,Person_173,18-06-1970,0
NBC_174,100000000174,9000000174,Person_174,01-11-1984,0
NBC_175,100000000175,9000000175,Person_175,09-09-1988,0
NBC_176,100000000176,9000000176,Person_176,30-08-1997,0
NBC_177,100000000177,9000000177,Person_177,23-02-1969,0
NBC_178,100000000178,9000000178,Person_178,20-05-2000,0
NBC_179,100000000179,9000000179,Person_179,06-08-1991,0
NBC_180,100000000180,9000000180,Person_180,02-08-1976,0
NBC_181,100000000181,9000000181,Person_181,23-12-1968,0
NBC_182,100000000182,9000000182,Person_182,03-02-1967,1
NBC_183,100000000183,9000000183,Person_183,18-07-1996,0
NBC_184,100000000184,9000000184,Person_184,05-02-1981,1
NBC_185,100000000185,9000000185,Person_185,15-05-1968,0
NBC_186,100000000186,9000000186,Person_186,14-08-1974,0
NBC_187,100000000187,9000000187,Person_187,16-10-1977,0
NBC_188,100000000188,9000000188,Person_188,30-09-1988,0
NBC_189,100000000189,9000000189,Person_189,08-01-1972,1
NBC_190,100000000190,9000000190,Person_190,24-06-1987,0
NBC_191,100000000191,9000000191,Person_191,12-09-2000,0
NBC_192,100000000192,9000000192,Person_192,01-01-1974,0
NBC_193,100000000193,9000000193,Person_193,09-03-1999,0
NBC_194,100000000194,9000000194,Person_194,15-09-1994,1
NBC_195,100000000195,9000000195,Person_195,30-07-1994,0
NBC_196,100000000196,9000000196,Person_196,26-10-1996,1
NBC_197,100000000197,9000000197,Person_197,17-08-1983,0
NBC_198,100000000198,9000000198,Person_198,15-12-1988,1
NBC_199,100000000199,9000000199,Person_199,28-03-1987,0
NBC_200,100000000200,9000000200,Person_200,24-12-1989,1
NBC_201,100000000201,9000000201,Person_201,21-06-1980,0
NBC_202,100000000202,9000000202,Person_202,04-05-1994,0
NBC_203,100000000203,9000000203,Person_203,23-04-1989,0
NBC_204,100000000204,9000000204,Person_204,11-06-1998,1
NBC_205,100000000205,9000000205,Person_205,01-06-1994,0
NBC_206,100000000206,9000000206,Person_206,01-06-1976,0
NBC_207,100000000207,9000000207,Person_207,07-03-1972,1
NBC_208,100000000208,9000000208,Person_208,28-09-1969,1
NBC_209,100000000209,9000000209,Person_209,03-08-1969,0
NBC_210,100000000210,9000000210,Person_210,22-02-1980,0
NBC_211,100000000211,9000000211,Person_211,16-04-1993,0
NBC_212,100000000212,9000000212,Person_212,18-04-1994,0
NBC_213,100000000213,9000000213,Person_213,28-04-1998,0
NBC_214,100000000214,9000000214,Person_214,26-01-1973,0
NBC_215,100000000215,9000000215,Person_215,08-05-1983,1
NBC_216,100000000216,9000000216,Person_216,05-06-1977,1
NBC_217,100000000217,9000000217,Person_217,18-07-1988,1
NBC_218,100000000218,9000000218,Person_218,14-03-1988,1
NBC_219,100000000219,9000000219,Person_219,14-10-1972,0
NBC_220,100000000220,9000000220,Person_220,18-03-1966,0
